0.9457050351970928,0.9292849782311842,0.9627158000858997
0.9578397364208059,0.9585473020796537,0.9571332145912435
0.972373112830182,0.9714640597650395,0.973283868792058
0.9735182693448048,0.9579145699436858,0.9896387311915491
0.9642847274697888,0.9745935494822179,0.9541917071740774
0.9708599453417108,0.9744636642027922,0.9672827825029539
0.9776489564443477,0.9796850583173451,0.9756213003724704
0.9449173471595009,0.9356547070396286,0.9543652144743242
0.9350509524443784,0.9981519410121141,0.8794538013639076
0.9678195526424737,0.9962991716676245,0.9409228873380364
0.9549738762756212,0.9653056497951172,0.9448609249158894
0.9669002366541809,0.9741194973459191,0.9597871935646896
0.9625821615263631,0.9948895092901437,0.9323070721604976
0.9721707778926552,0.9878548210640905,0.9569769782363838
0.9712301014290851,0.9915220880715365,0.9517520285919221
0.9307053083286037,0.9913437162702678,0.8770575448723753
0.9563228667047555,0.9560616112015335,0.9565842650295144
0.9692460933694473,0.9587906401032019,0.9799320906554023
0.9209772240630418,0.9879590522288766,0.8625012096121116
0.9553897674220186,0.979727015747423,0.9322323273563959
0.9694122028783256,0.9774763650489124,0.9614800103421018
0.9680554972940834,0.9896583828497206,0.947375587192783
0.9632045021040717,0.9458608298529234,0.9811960955372739
0.971478251750348,0.9952696169046154,0.9487977701759035
0.9709049499198289,0.9933707160190794,0.9494328686415325
0.948410397205993,0.9919336648354308,0.90854594872345
0.9597412118890544,0.9936700089880103,0.9280529064406594
0.9770130622914085,0.9947367856883372,0.959909867533833
0.9751854460504198,0.9975573954647861,0.953794945249356
0.9802187746212413,0.9825153191361045,0.9779329410185907
0.9631785962736904,0.9435698659344383,0.983619617692523
0.9658535929498595,0.9482309390323571,0.9841436768399152
0.967090943356236,0.9418989272735494,0.9936675626672018
0.9698154616777773,0.9876332584519747,0.9526291702965803
0.9703094355880527,0.9747964357923922,0.9658635535525575
0.9590505051358466,0.969790614453443,0.9485456764583311
0.9661630770677195,0.9985187907988204,0.9358384392948437
0.9742886895529589,0.9859746694248345,0.962876474363818
0.973024715528131,0.9566370377746971,0.9899836374505463
0.9525646713297259,0.9984213658035835,0.9107353264824802
0.9227459734516311,0.9603787219282975,0.887951316119014
0.9797247087295867,0.9812490344084617,0.9782051116460719
0.9697905430770206,0.9619498062262416,0.9777601481176876
0.9686743083291226,0.9826785095255227,0.9550636479236673
0.963411887645523,0.9910611355638814,0.9372635195117359
0.9757175011401185,0.982282809811462,0.9692393712319123
0.9145030260596004,1.0,0.8424740446211619
0.9757783581444522,0.9898428055215274,0.9621079883665804
0.9808669915713956,0.9878712394659925,0.9739613680558132
0.9736400749140427,0.9834218772189741,0.9640509494150987
0.9699511221454163,0.968625429314913,0.9712804487233808
0.98306359492625,0.9823980553065628,0.9837300369159376
0.9515306171941507,0.9608572272189546,0.9423833250495577
0.804413485650599,1.0,0.6728191360441487
0.9389815035505754,0.986525029987642,0.8958098089268411
0.9741641138465252,0.982662794329925,0.9658111766588331
0.947455404708053,0.9982959755143355,0.9015422452077126
0.9227778255110003,0.977936499132783,0.8735091789766584
0.9446200094109385,0.9192641652817751,0.971414298213429
0.9741101242562239,0.9816796775343297,0.9666564126387336
0.9281617968627516,1.0,0.8659532699488048
0.9621690681846369,0.9292975007357862,0.9974514091428667
0.9714466511388954,0.9856631168661554,0.9576344498876638
0.955709984787522,0.9983950386818413,0.9165251684617695
0.9337102590327754,0.9969791470645814,0.8779923440945762
0.9781847154617965,0.9680274174138436,0.9885574304051075
0.9670740090261544,0.9717313766023424,0.9624610726724052
0.9721945339437507,0.9596455571410544,0.9850760572302245
0.9703058969495676,0.9956233171267573,0.9462441260789595
0.9504490813010207,0.9880352039944561,0.9156178089258565
0.9593782128504736,0.976000781774708,0.9433123702967129
0.9677072045321309,0.9905094203923355,0.9459312100820704
0.9542916446344477,0.9910636655777227,0.9201507475993714
0.9615629998814024,0.9937396212992439,0.9314047400466178
0.9601804488953717,0.9726708618157932,0.9480067565341589
0.9301582812992149,0.9980800529935288,0.8708919677162328
0.9612913969663275,0.9962824142113318,0.9286748640248919
0.9284935763024234,0.9570659147030244,0.9015777858677881
0.9803224179826973,0.9917297608390429,0.9691745161749638
0.9369823304453706,0.9918610689589382,0.8878579846076919
0.9516021615883818,0.9705376414170392,0.933391415739138
0.9768419437035232,0.9758252510383917,0.9778607571214248
0.9498745256875217,0.9984010646889998,0.9058465307671457
0.9550332237653852,0.9868648779481076,0.9251908847045842
0.9137925988396425,0.9060764815498896,0.9216412653121017
0.9678962580508464,0.997017691963442,0.9404277343367613
0.9703502941338155,0.9846127660545034,0.9564951165328881
0.9648875898783154,0.9649135925837169,0.9648615885743292
0.9719386686476522,0.9809592271659371,0.9630824982858902
0.9606914650965214,0.9342760687104649,0.9886440426547636
0.9799862458222244,0.982696233690803,0.9772911635511287
0.9472175688370492,0.9166394970767614,0.9799061454582012
0.9753283227026379,0.9951651810458767,0.9562668341294274
0.9626736065731616,0.9738055021593276,0.9517933393638346
0.9759072066336607,0.9898683262431249,0.9623344256240555
0.9204354831803029,0.900151539031556,0.9416546552943081
0.9645362871826367,0.9958937661540721,0.93509322105248
0.9686728866901682,0.9845479596276994,0.9533016365007514
0.9381760008847242,0.9970306625094683,0.8858824138687277
0.9788084336728563,0.970447040026897,0.9873151634517591
0.9515999831613956,0.9533255450629515,0.9498806566620173
0.9644533436028908,0.9466447783829782,0.9829447956239367
0.9610483682450929,0.942350115249212,0.980503669820392
0.9603184578550231,0.9774930998518998,0.9437369150717041
0.9757403946002666,0.9924446941412705,0.9595891028408738
0.977616965837572,0.9764716438742157,0.978764977695316
0.9671970002568554,0.9909811894759628,0.9445277242357873
0.967895052864457,0.9932118454308027,0.9438368208568164
0.9627701173932292,0.9547932225614618,0.9708814223514244
0.9677360763559304,0.9937520884821103,0.9430474893307043
0.9742376374032097,0.9781595948316796,0.970347004766526
0.9771603537401433,0.9745478523169739,0.9797868996441104
0.956108505250765,0.9895281190304035,0.9248725232430297
0.9608565102678122,0.9899654101890254,0.933410547084807
0.9672107401526847,0.9934297411340414,0.9423401172628543
0.7699060780275051,0.6382931101090897,0.9698934379218951
0.8934444625958827,0.9965752251002218,0.8096569687371826
0.9569638752302857,0.9958579892968146,0.9209936539572156
0.8350416853176671,0.9991821600074212,0.7172204253114495
0.9360297700298564,0.9929149809157412,0.885309403164391
0.948190801858034,0.9926968761332874,0.9075042127599373
0.9705200409343449,0.9602310450106647,0.9810319208480941
0.9673429374123379,0.9843519902481218,0.9509117138827141
0.9636873278518953,0.9449653144167041,0.9831661916452938
0.9570867686616428,0.9524704087307166,0.9617480949648473
0.9819835316163191,0.98641708390084,0.9775896551116621
0.9418369556866305,0.967270466337962,0.9177066803986007
0.9554289010524424,0.9532139846218314,0.9576541347482509
0.9666777488337355,0.9890506587047327,0.9452946262519559
0.9664377760561824,0.9905117202202501,0.9435062781299418
0.9713101931892751,0.958312568243179,0.9846652402949114
0.959742029058198,0.9513407332320342,0.9682930307270889
0.9619023683432738,0.9819341065965417,0.942671596589034
0.9527681690139177,0.9987626233481701,0.9108234404478763
0.973866967942929,0.9869451415890119,0.9611308635732546
0.9664703073068309,0.9606204066091493,0.9723918929548977
0.9521103572846412,0.9574329092677576,0.946846656299007
0.9771009108213455,0.9860436652325709,0.9683189080643752
0.9642194325915487,0.9565427574679618,0.9720203219579033
0.9782322899191644,0.9932023353652132,0.9637068157883432
0.9599621744669596,0.9744723425774388,0.9458777873512282
0.9045897913076023,0.8320662871646627,0.9909628343329897
0.9660619989665102,0.9623842895033518,0.9697679246684576
0.8844690774352122,0.7995897919524866,0.9895089539232217
0.977411931559901,0.9682962101349483,0.9867009183464315
0.8939621434938968,0.8088488559458518,0.9990945430866172
0.9668559518982731,0.9526085289751015,0.9815360207583714
0.9539746639688356,0.9643557650951318,0.94381468356615
0.9759238734356842,0.9711581368878462,0.9807366141711283
0.9087920957170352,0.9949507405904139,0.8363662186583258
0.8200575874690065,0.7196918734591556,0.9529530966280373
0.9657822125505741,0.9901625080748746,0.9425736740142359
0.9274926241560222,0.987937170493519,0.8740179498094057
0.9451912735639638,0.9695842673147594,0.9219955268075078
0.9676326076142879,0.9915250712399257,0.9448645086928268
