0.9212043096640676,0.9348058359737675,0.9079929142734446
0.9074974265126386,1.0,0.8306593032690345
0.9328283204288267,0.9908269576735267,0.8812441756193624
0.9385019151652717,0.9983776645915865,0.8854016796600529
0.9501523839041273,0.991932526585992,0.9117495439765247
0.9543111313868613,0.9816744098737623,0.9284319382184546
0.9316856179573628,0.9864542048971171,0.8826787145667857
0.9161965584530779,0.8809852788154819,0.9543396714525935
0.9639784125044549,0.9807816830272734,0.9477412088599675
0.9465484610020919,0.9205254388344247,0.9740856158766606
0.9640146811270248,0.9892951205006938,0.9399940801334661
0.955539932746631,0.9868089573128062,0.9261916881496198
0.9446842092283411,0.9819533452960779,0.9101406576696446
0.9366878113464502,0.9680434975851137,0.9072996653567907
0.9546436285097192,0.9209844134536506,0.9908564569653322
0.9337435748932166,0.9982199244628815,0.877091097026902
0.9423989396951623,0.9483062149906641,0.9365648050579557
0.854358639090371,0.849264060139811,0.859514709803573
0.9285785179744724,0.9976327575175944,0.8684650230209416
0.9197943218774721,0.9562297254077763,0.8860336141568943
0.9451152739856036,0.9675056797799833,0.9237377629363245
0.9254306569343066,0.916652206605356,0.9343788691704499
0.9433099996373001,0.9717894107536524,0.9164523062828147
0.9487193430855403,0.9762730833799664,0.922678231436429
0.9507481296758105,0.9748395509984914,0.9278187437638412
0.944034008124925,0.9897207346439996,0.902379079826976
0.9469837730707296,1.0,0.8993059640042348
0.9450524395804833,0.999316912444248,0.8963777257163453
0.9450311032764378,0.8983307553493168,0.9968532093688539
0.9711971795852526,0.9920164427307163,0.9512338138284877
0.943065046607931,0.9958610761202088,0.8955851890212325
0.9363785385073398,1.0,0.8803682253583425
0.9605466250047058,0.9996212813748792,0.9244118641611516
0.9099859623483261,1.0,0.8348387552042904
0.943415047756802,0.9808649657747356,0.908719673312515
0.9422835633626098,0.9989654153118533,0.891688654353562
0.9314780091450376,0.9303048887331348,0.9326540919171735
0.906298330755693,0.8372253423982658,0.9877935363868867
0.9542360808832259,0.9989643530313387,0.9133415396269293
0.9715659478255892,0.9650614055037525,0.9781587667483072
0.9590558194774347,0.9941522267704903,0.9263529209326336
0.878295930818611,0.8246164574616457,0.9394506866416978
0.9424042017846586,0.9868405897258696,0.9017972265347473
0.9421506881268953,0.9944601748122615,0.8950692520775623
0.9616216438468813,0.9917396024153606,0.9332790627144887
0.9552229762481823,0.9999154316158904,0.9143547607539875
0.9767949160276458,0.9726488906620564,0.980976438503152
0.9504188127568804,0.974778556436982,0.9272468868435301
0.9743454267934719,0.9919612706571437,0.957344331324085
0.9415312447646171,0.9753557792433183,0.9099740932642487
0.9558643134309676,0.9990057561486133,0.9162946964242861
0.9560717455745172,0.9941487879632209,0.9208038968998999
0.9270106560500349,1.0,0.8639514094682962
0.9336680955297,0.9994755749010148,0.8759910831245834
0.9637963984818713,0.9605129030527388,0.9671024200518582
0.9368844088678064,0.9795419321508524,0.8977871776255564
0.9497998665777185,0.988672366650753,0.9138684960083444
0.9404473471680888,1.0,0.887589063794532
0.9402397487503871,0.9960637300843487,0.8903409566892854
0.944000608689036,0.9949478748997594,0.8980167921250723
0.9504048409001049,0.9961800425240549,0.9086516336861482
0.8825575617028325,0.8202164696966109,0.9551547244745987
0.9660002048741421,0.9670899293319163,0.9649129334722429
0.9677848457458601,0.9950901311636389,0.9419380539786874
0.9219824200486254,0.9402062799426322,0.904451587336533
0.9473180585827441,0.9686186403826642,0.9269341471026806
0.9568990454150998,0.9998351376600538,0.9174987392839132
0.9374095723132125,1.0,0.8821927507420821
0.9146793045121375,1.0,0.8427733003847125
0.9618261840298719,0.9516784317708598,0.9721926798267231
0.9252382195535831,0.9968357768167915,0.8632364134571472
0.9516687311160761,0.9940027084542464,0.9127934089849215
0.9384160595678364,0.9997364606667545,0.8841832929330599
0.9701621273920734,0.9990966848333384,0.9428563309843147
0.7127299940646693,0.5666830809635193,0.9601932971770268
0.9248328755765145,1.0,0.8601759248102181
0.815602078566388,0.7017479300827967,0.9735552379007556
0.9429659732219066,0.9951867487697975,0.8959523578967754
0.9273225291029445,0.9949183880882119,0.8683274021352313
0.9415479625269835,0.990388289585844,0.8972983049493349
0.9505455451421202,0.9898360955956415,0.9142551062120293
0.940337224383917,1.0,0.8873929008567931
0.9408006737449995,0.9973979923725462,0.8902816676913268
0.9178437740475538,1.0,0.848161986260094
0.927922767014453,0.9998785670916819,0.8656282305118007
0.9062538770602101,0.9997894293535481,0.8287225315483567
0.9374170875322922,0.9984135640275643,0.8834444639410423
0.8811308824857736,0.9375901066863166,0.8310851106125579
0.9425682421061639,0.9979464568831443,0.8930130119309814
0.9496363584097508,0.9703618846199037,0.9297776526878694
0.9678997076680909,0.9925249807840123,0.9444667934464599
0.9446995364974385,0.9886870383188281,0.9044593921275536
0.9143637898008118,0.9988878482790915,0.8430282820797826
0.8626958011362936,0.9988869545363738,0.7591861524445794
0.9399100433327848,0.9983395478909345,0.8879417556223442
0.9378573437060643,0.995919179854683,0.8861925427331503
0.9479607425073361,0.9998145357598238,0.9012203786517323
0.9625963643285429,0.9924077958077295,0.9345237407745348
0.9333217903211843,0.9977787649933363,0.8766873759880298
0.9624044127892205,0.9826602172494017,0.9429668176415791
0.962304659276233,0.9918929270576219,0.9344305015435193
0.9451781650988763,0.9800544853084258,0.912698772255697
0.9316124248809803,0.9991629522673531,0.8726172853043844
0.9076422894757967,0.998410525851031,0.8320026491040877
0.9650333188468782,0.9735125952176534,0.9567004757203124
0.9099032300994315,0.9719147899193794,0.8553301760343133
0.947669301198697,0.9993875598086125,0.9010404983348576
0.9382696030241915,0.9987270491272735,0.884713887083827
0.9312715674997386,0.9999438596491228,0.8714254262579809
0.9553921391052346,0.98551634455854,0.9270549197154185
0.8758542293547309,0.8271907444363048,0.9306013413663748
0.9579059021824416,0.9972921457097906,0.9215124405926755
0.8971360418828704,0.9319988414379042,0.864787386526517
0.9396726595715119,0.9939158804338242,0.8910437142631288
0.9305663448377909,0.9515571806833942,0.9104816137438472
0.9547125818312259,0.9414157492151921,0.968390412516487
0.9485446009389671,0.974109252205776,0.9242874788416671
0.6237136620352726,0.4531859721557866,1.0
0.955118973411001,0.9808184707752075,0.9307318503623644
0.8970053953578196,0.8236102491355617,0.9847613494818859
0.9248283485150433,0.9598881221946808,0.8922394333307387
0.940292468643431,0.9625845644070137,0.9190095094623858
0.959772000029156,0.9819676043313545,0.9385576004675895
0.9479602026852092,0.9817666436834445,0.9164044622425629
0.9563487076368816,0.9359983599835998,0.9776036313806098
0.8977106297695213,0.994059203113797,0.8183888014391725
0.9717610927018508,0.9707725100116265,0.9727516908837902
0.94100629852058,0.9877003497713034,0.8985279205566629
0.9469126391218173,0.9859351684287393,0.9108614671633473
0.9291726844354968,0.9879630204132283,0.8769862032880786
0.970009031304613,0.9843835551217655,0.956048275224267
0.9458397809784549,0.9965198306944663,0.9000651318211423
0.9249204268863509,0.986159169550173,0.8708426372076625
0.9317371370351503,0.9902229299363058,0.8797747722256805
0.9239977947546665,0.9266067726330338,0.9214034674363354
0.9483994336345191,0.9868764809526702,0.9128101379639776
0.9428794436954516,0.9619783974748791,0.9245241010798174
0.9246118300938717,0.9654328902085161,0.8871027747636026
0.9658084106318373,0.9771895122259164,0.9546893631018462
0.9039160622297262,0.9967702712972111,0.8268873128447597
0.9500522960945671,0.9932329275840727,0.9104697783493456
