0.9624308802873246,0.9971630683074202,0.930036768495928
0.9316874119304838,1.0,0.8721112362946882
0.9320461334546678,0.9314196469169483,0.9326734633277244
0.9566409690629909,0.9936993020184871,0.9222473169109022
0.9624635264693623,0.996117258784702,0.9310094554545272
0.9672863658463177,0.980336946829978,0.9545786876256626
0.948799029414422,0.9977740376784842,0.9044068797519746
0.9147413098761075,0.8621019053954933,0.974227002852957
0.9729210578900213,0.9773498407107151,0.9685322313625339
0.9478759026909267,0.9104119037470454,0.9885555602305718
0.9738612175393785,0.9717651723259041,0.9759663244119571
0.9623937774122807,0.9827326801959412,0.9428796830938633
0.957447625385531,0.9589079723147911,0.9559917196963889
0.93478025272923,0.9584135826246704,0.9122844128555513
0.9375433005403907,0.8881050041017228,0.9928102417372804
0.9501528488821774,0.9982973190514519,0.9064384196989501
0.944225739121245,0.9532675380101361,0.9353538525963149
0.9251313015827647,0.9095970773175958,0.9412053360473992
0.9515157701337144,0.9940285775218597,0.9124902114330462
0.9520625793942635,0.9759217800520857,0.9293421510616081
0.9717244597868038,0.9803300251106063,0.9632686630733305
0.9336937042803842,0.9191393371507895,0.9487164179104478
0.9529416026662803,0.9828868213578448,0.9247670943926877
0.9497082735533238,0.9260585711620967,0.9745975657636435
0.976398934145413,0.9837888976961825,0.9691191657640865
0.9650406792908658,0.9762786184092298,0.9540585156826245
0.9639749198477502,0.9979725310660562,0.9322173687265174
0.9638622357438178,0.9929481255273838,0.9364318466027511
0.9585094567938071,0.9316834235627739,0.9869260966035159
0.9404216798643031,0.9088005979174806,0.9743225524475524
0.9702412396548689,0.9915421990282527,0.9498362351318738
0.958056963025982,0.9989637631099667,0.920368575602841
0.9697016125943234,0.9918249014025649,0.9485437378228506
0.5156842836530754,0.3475223278594065,0.999171671153448
0.940937674122423,0.99919699082879,0.8890978150502049
0.9639523571635159,0.9505807923667289,0.9777054776254733
0.9591964667331528,0.9950635530594147,0.9258250825082508
0.9114879956129578,0.8737405817417206,0.9526442106771424
0.9068643248469224,0.8318060892698788,0.9968119022316685
0.9739036912275005,0.9940760993392572,0.9545337019431572
0.9628392728977164,0.9343586536274733,0.9931107418038979
0.9784656796769852,0.984518789818719,0.9724865472896969
0.7469890253501047,0.6263697947798367,0.9251425418429281
0.9341569986439656,0.8908899319858224,0.9818412162162162
0.9579675633022869,0.9788355217691777,0.9379708065450733
0.5338243316966721,0.3643867924528302,0.9977906186267845
0.9619818695395126,0.9935714770337201,0.9323390844846247
0.9644181173436492,0.9821084164307111,0.9473538376281518
0.9609268421802781,0.997780079917123,0.9266990005301706
0.9722789347125811,0.9499745107165813,0.9956559109810208
0.9732930621475652,0.9774377670860354,0.9691833590138675
0.9500799431515367,0.951229056241329,0.9489336030377231
0.9414380731236963,0.9225577538663273,0.9611073164851942
0.9600368536220201,0.9814756671899529,0.9395146141708618
0.9680865729252826,0.9783365840066871,0.9580491132332879
0.9391197139686845,0.9986627159975876,0.886277430014195
0.9490878350740367,0.986619798163057,0.914306730415594
0.9716100112065745,0.9768227909222598,0.966452571792558
0.9223501312750806,0.9044256931289822,0.9409994087398993
0.958144844205809,0.9835944620459182,0.9339789820729446
0.9679535061669916,0.9918605085315312,0.9451718494271686
0.9635292285328626,0.9922213311948677,0.9364498713355871
0.9540417062468901,0.988331771321462,0.9220512372125558
0.9599101707107391,0.9858373274712602,0.9353118161925602
0.711357161737496,0.5736446960187576,0.9360772946859903
0.9051844119693807,0.9814203527303593,0.8399386552586973
0.9556696309301171,0.9337696481512558,0.9786215387020499
0.9586160259792375,0.9841017973208019,0.9344169672736755
0.9803928385190336,0.9890229361015641,0.9719120485249517
0.9655085508550855,0.9717712711987244,0.9593260356299635
0.962290613670645,0.9991756883002693,0.9280318497345855
0.9568458102872016,0.9986108967433246,0.9184339777985975
0.9367041198501873,1.0,0.8809439943642128
0.923396499504141,0.8747905134325327,0.977721648314224
0.506115650861396,0.34187673592799633,0.9740558950215367
0.9699564638578059,0.9778728961114336,0.9621671782425584
0.9529285669251624,0.9958097246013967,0.9135880077369439
0.8636662341820143,0.7716720363734907,0.9805632078359351
0.5804015738919106,0.41160901144897205,0.983864639529181
0.9588317146190282,0.9556215504440647,0.9620635189259322
0.9200357679648409,0.8897516099356025,0.9524541085637753
0.9625645892650005,0.9817956922745973,0.9440723981900453
0.9454159292035398,0.9811061995665323,0.9122311659626792
0.9537186539972852,0.9809529408306634,0.927955733511289
0.9541417943364602,0.9903702347159906,0.9204703412669144
0.953438873105628,0.9997318007662835,0.9112434301279925
0.9537748116887896,0.9916455147255775,0.9186902525198813
0.9426282223055898,0.9997442164497243,0.8916856780735107
0.9606766321106576,0.9930783242258652,0.9303225072521472
0.937444341097544,0.9974731522425774,0.8842305682072724
0.9374678813361365,0.9948192950275148,0.8863686558593578
0.9053638537751965,0.9339057444013712,0.8785148126940117
0.9601822083238738,0.9898530810696544,0.9322383390216155
0.7316683805181824,0.9775941583397386,0.584604070188341
0.9656220908775428,0.9945647857118542,0.9383162762814199
0.9262388922204656,0.9944977756965582,0.8667482909907153
0.9184205363898775,0.9353006649733154,0.9021389049467339
0.9566334366535422,0.9979608482871125,0.9185928031318711
0.9533696879123674,0.9947579708702432,0.9152878686122474
0.9630279709264384,0.9921409528225339,0.9355748420523359
0.9391016615038017,0.9876351251295721,0.8951147496980271
0.9654902536258468,0.9683678600777619,0.9626296987209969
0.9614870809031963,0.9877985505548396,0.9365409333989241
0.9673458752410236,0.9874457400629841,0.94804796829353
0.9484240687679083,0.9422304085733423,0.9546996946046827
0.9396953358111292,0.9378787878787879,0.9415189342284696
0.9553781342116884,0.9736086787312707,0.9378177643447905
0.6583546319057698,0.9857881372960926,0.49420308436206456
0.9117210833214815,0.9906397633449601,0.8444486262702295
0.9314836177911873,0.9592429380825701,0.905285752616045
0.9635177220821592,0.9947559808612441,0.9341816743951975
0.9636420525657071,0.9967205333448402,0.9326886192485514
0.8192717707323827,0.9700347518195528,0.7090682515337423
0.9576404903507707,0.9966315789473684,0.9215854228313347
0.9649693721286371,0.9795225924099069,0.9508422686844358
0.9266861443993265,0.9454366332381843,0.9086649348126927
0.7713666705703244,0.9964147404090524,0.6292464366234858
0.9398687032398539,0.9237923599266245,0.9565144951682772
0.970214436429658,0.9972008573950322,0.9446501516925061
0.9466432402441279,0.905248264579741,0.9920054266195067
0.9538651150113174,0.9701798370377513,0.9380900212116268
0.9634095231954608,0.9720902999154252,0.9548824130879345
0.968863161115928,0.9564965635306261,0.9815537241325858
0.965818445865858,0.998212078403673,0.9354611836253439
0.9742844752818733,0.995965954428584,0.9535268652915712
0.7269427068593678,0.5753699755924244,0.9869365907946687
0.909350187496699,0.8650767066389764,0.9583998218725647
0.9485077933062145,0.9289954833238003,0.9688573485549727
0.9337940036085838,0.9070041464069445,0.962214592003038
0.9591152688090594,0.9700452003370873,0.9484288977940901
0.9581474762565361,0.9203362033620336,0.9991987536167372
0.9183224173041995,0.9021357123546905,0.9351005996749425
0.9199958760760863,0.8571634407569281,0.9927685375757913
0.9408798441362826,0.9810509064836628,0.9038691412393834
0.9565305161160084,0.9181630280325539,0.9982443820224719
0.9662311864924746,0.9722104777645386,0.9603249933558601
0.9575671852899575,0.9672349747595009,0.9480907478293343
0.9509897058136456,0.9471986101631817,0.9548112706007443
0.9606473510748192,0.9297974147165948,0.9936146938360172
0.9519996764931862,0.914394469043735,0.9928306342780027
0.9229823002801886,0.8712424203328603,0.9812554489973845
0.9700210103797547,0.9698385326853739,0.9702035567543832
0.9440692752592975,0.972118711738089,0.9175931160103009
0.9700940806904539,0.9736624203821655,0.9665518004489266
0.9093631712491161,0.8633428768881429,0.9605659175289439
0.9636045938559417,0.980041314782186,0.9477101142739638
0.9658446525121983,0.9543914516549388,0.9775760811532301
0.9318565096905959,0.9275254740535799,0.9362281822051937
0.9691262011804062,0.9571145995538908,0.9814431210081133
0.9470932966754694,0.9947754388631355,0.9037731289698978
0.9694562164922135,0.9793067877037342,0.9598018400566172
0.8238156526031841,0.9602548294286889,0.7213251412516595
