50173_114448_A_9_3_largeintestine	0.2	0.75	0.42	0.69	0.57
38723_81035_A_8_3_largeintestine	0	0.06	0.32	0.05	0.1
69688_153740_A_8_3_largeintestine	0.09	0.82	0.47	0.61	0.53
63633_149713_A_9_3_largeintestine	0.35	0.72	0.57	0.62	0.23
72536_164996_A_8_3_largeintestine	0.57	0.77	0.58	0.76	0.05
65958_157557_A_8_3_largeintestine	0.11	0.83	0.44	0.46	0.32
51653_132579_A_8_3_largeintestine	0.01	0.57	0.25	0.2	0.04
68212_152835_A_8_3_largeintestine	0.02	0.61	0.22	0.01	0.22
77979_165557_A_8_3_largeintestine	0.21	0.74	0.59	0.76	0.04
46057_118076_A_8_3_largeintestine	0.02	0.59	0.26	0.36	0.13
39473_118918_A_8_3_largeintestine	0.11	0.47	0.48	0.18	0.2
44005_102882_A_8_3_largeintestine	0.06	0.34	0.35	0.09	0.07
68206_152278_A_8_3_largeintestine	0	0.67	0.17	0.22	0.21
69409_153288_A_8_3_largeintestine	0.13	0.76	0.46	0.32	0.2
46007_163049_A_8_3_largeintestine	0.48	0.66	0.45	0.68	0.01
69907_159725_A_9_3_largeintestine	0.21	0.77	0.36	0.65	0.34
39349_84104_A_8_3_largeintestine	0.09	0.62	0.43	0.35	0.18
69439_153322_A_7_3_largeintestine	0.56	0.76	0.55	0.6	0.01
44502_144146_A_8_3_largeintestine	0.1	0.83	0.61	0.56	0.6
69409_153288_A_7_3_largeintestine	0.56	0.79	0.58	0.69	0.01
68244_152760_A_8_3_largeintestine	0.03	0.55	0.4	0.01	0.36
39255_84732_A_8_3_largeintestine	0.06	0.65	0.34	0.41	0.29
36407_76610_A_8_3_largeintestine	0.13	0.71	0.42	0.59	0.41
64872_149526_A_8_3_largeintestine	0.01	0.84	0.55	0.57	0.62
67685_155267_A_9_3_largeintestine	0	0.52	0.25	0.42	0.28
38013_80093_A_8_3_largeintestine	0.11	0.35	0.33	0.39	0.07
47333_105872_A_9_3_largeintestine	0.71	0.92	0.69	0.9	0.74
50977_121025_A_9_3_largeintestine	0.24	0.75	0.41	0.46	0.27
43141_140599_A_8_3_largeintestine	0.22	0.86	0.58	0.4	0.76
56768_152680_A_8_3_largeintestine	0	0.7	0.25	0.39	0.49
64095_156888_A_8_3_largeintestine	0.01	0.71	0.33	0.12	0.39
45244_103480_A_8_3_largeintestine	0.27	0.63	0.45	0.22	0.18
55969_127605_A_8_3_largeintestine	0.55	0.91	0.74	0.84	0.3
72629_158408_A_8_3_largeintestine	0.1	0.76	0.42	0.07	0.15
42844_98171_A_8_3_largeintestine	0.11	0.68	0.27	0.74	0.08
45951_103533_A_8_3_largeintestine	0.26	0.73	0.57	0.34	0.33
38034_80453_A_8_3_largeintestine	0.14	0.68	0.53	0.38	0.24
35275_160325_A_8_3_largeintestine	0.08	0.83	0.45	0.82	0
48368_117291_A_9_3_largeintestine	0.05	0.53	0.17	0.31	0.21
60227_134089_A_8_3_largeintestine	0.31	0.73	0.55	0.49	0.31
57585_163806_A_8_3_largeintestine	0.42	0.89	0.74	0.88	0.01
43499_166208_A_8_3_largeintestine	0.45	0.96	0.8	0.95	0.03
42268_116797_A_8_3_largeintestine	0.02	0.55	0.2	0.34	0.05
73705_161912_A_8_3_largeintestine	0.23	0.84	0.58	0.82	0.02
49979_115386_A_8_3_largeintestine	0.09	0.69	0.3	0.59	0.02
48992_118293_A_8_3_largeintestine	0.14	0.55	0.29	0.36	0.09
61503_143161_A_9_3_largeintestine	0.62	0.74	0.68	0.73	0.67
64946_144077_A_8_3_largeintestine	0.02	0.57	0.4	0.08	0.13
52398_123232_A_9_3_largeintestine	0.01	0.72	0.41	0.61	0.08
71287_154618_A_9_3_largeintestine	0.72	0.88	0.72	0.83	0.5
56230_133242_A_9_3_largeintestine	0.39	0.7	0.44	0.6	0.65
51564_117501_A_8_3_largeintestine	0.16	0.22	0.18	0.18	0.12
77757_165553_A_8_3_largeintestine	0.41	0.87	0.74	0.84	0.02
46992_117883_A_8_3_largeintestine	0.16	0.65	0.27	0.36	0.23
41089_87420_A_8_3_largeintestine	0	0.52	0.11	0.3	0.17
68239_150613_A_7_3_largeintestine	0.57	0.79	0.78	0.71	0.04
57980_145448_A_9_3_largeintestine	0.12	0.67	0.45	0.59	0.09
55846_137737_A_9_3_largeintestine	0.01	0.69	0.39	0.52	0.28
