45160_99047_A_7_5_kidney	0.08	0	0	0	0
42199_91531_A_7_5_kidney	0.98	0.99	0.97	0.99	0.05
39166_83439_A_9_5_kidney	0.99	0.99	0.95	0.98	0.08
45681_101950_A_7_5_kidney	0.87	0.76	0.07	0.75	0.01
36525_79274_A_8_5_kidney	0.97	0.86	0.54	0.81	0.11
64219_154500_A_9_5_kidney	0.9	0.84	0.82	0.84	0.03
44669_94899_A_7_5_kidney	0.97	0.98	0.96	0.97	0
44428_98682_A_7_5_kidney	0.96	0.99	0.99	0.99	0.1
48981_121052_A_9_5_kidney	0.95	0.83	0.81	0.95	0.08
41826_93039_A_7_5_kidney	0.98	0.99	0.92	0.96	0.06
52272_120106_A_9_5_kidney	0.62	0	0.1	0.63	0.08
54401_123069_A_9_5_kidney	0.98	0.98	0.95	0.97	0.29
52991_119723_A_9_5_kidney	0.62	0	0	0.27	0.06
41216_88604_A_7_5_kidney	0.92	0.95	0.69	0.94	0.12
48123_116109_A_7_5_kidney	0.96	0.97	0.46	0.95	0.24
43537_107119_A_7_5_kidney	0.98	0.98	0.36	0.98	0.1
38877_81110_A_7_5_kidney	0.99	0.99	0	0.96	0.14
42128_120967_A_9_5_kidney	0.98	0.98	0	0.97	0.12
43270_101867_A_9_5_kidney	0.98	0.99	0.91	0.98	0.04
37533_73616_A_8_5_kidney	0.69	0.69	0	0.05	0
76764_165426_A_9_5_kidney	0.65	0.89	0.13	0.94	0.08
75728_159183_A_9_5_kidney	0.97	0.99	0	0.97	0.06
36262_74534_A_8_5_kidney	0.52	0.38	0.18	0.42	0.01
36325_73367_A_8_5_kidney	0.2	0	0	0	0.01
63182_142050_A_9_5_kidney	0.98	0.94	0	0.97	0.02
35797_75610_A_8_5_kidney	0.74	0.72	0	0	0
64454_153783_A_9_5_kidney	0.95	0.89	0.69	0.88	0.04
36816_76605_A_9_5_kidney	0.66	0.61	0	0.1	0.01
34780_79927_A_9_5_kidney	0.84	0.85	0.11	0.84	0
37459_77928_A_9_5_kidney	0.65	0.66	0	0.07	0.01
39892_86708_A_9_5_kidney	0.97	0.98	0.84	0.97	0.13
44668_94884_A_7_5_kidney	0.69	0.96	0.73	0.97	0
36736_124947_A_9_5_kidney	0.98	0.99	0.95	0.97	0.02
46403_107840_A_9_5_kidney	0.95	0.99	0.93	0.99	0.03
36414_76912_A_9_5_kidney	0.97	0.99	0	0.97	0.02
53903_123092_A_9_5_kidney	0.9	0.43	0.08	0.65	0.05
36166_77504_A_9_5_kidney	0.87	0.81	0	0.8	0.04
35671_74699_A_8_5_kidney	0.61	0.66	0	0	0
35999_71854_A_7_5_kidney	0.52	0	0	0.05	0
66715_154628_A_9_5_kidney	0.93	0.98	0.8	0.98	0.05
38498_81651_A_7_5_kidney	0.97	0.8	0.67	0.94	0.16
37914_77828_A_7_5_kidney	0.6	0.2	0.19	0.58	0.05
51012_118065_A_8_5_kidney	0.92	0.96	0.95	0.93	0.2
64001_154953_A_8_5_kidney	0.9	0.97	0.82	0.97	0.29
40850_88383_A_7_5_kidney	0.98	0.98	0.35	0.94	0.17
37988_74968_A_9_5_kidney	0.92	0.98	0	0.4	0.05
41420_91575_A_9_5_kidney	0.99	0.99	0.57	0.96	0.1
75125_163802_A_9_5_kidney	0.9	0.61	0	0.84	0.02
36315_80549_A_7_5_kidney	0.88	0.94	0.58	0.79	0.11
44668_94884_A_9_5_kidney	0.79	0.79	0	0.78	0
48674_110605_A_8_5_kidney	0.98	0.98	0	0.96	0.04
48197_120913_A_9_5_kidney	0.64	0	0.42	0.72	0.05
35696_124478_A_9_5_kidney	0.83	0.06	0.65	0.71	0.02
49314_112479_A_7_5_kidney	0.92	0.95	0.35	0.9	0.05
44289_104479_A_7_5_kidney	0.95	0.9	0.8	0.95	0.17
53245_120116_A_8_5_kidney	0.91	0.77	0.77	0.84	0.12
45902_104617_A_7_5_kidney	0.98	0.99	0.74	0.75	0.1
49558_113972_A_7_5_kidney	0.98	0.99	0.73	0.86	0.11
52284_120401_A_9_5_kidney	0.98	0.99	0.73	0.97	0.08
47301_115898_A_7_5_kidney	0.83	0.84	0.44	0.82	0.14
52209_121910_A_9_5_kidney	0.97	0.97	0.42	0.93	0.1
73546_154496_A_9_5_kidney	0.98	0.86	0.02	0.48	0.05
37330_73560_A_8_5_kidney	0.95	0.65	0	0.63	0.01
35941_79509_A_9_5_kidney	0.45	0.61	0	0.86	0.04
51123_118600_A_8_5_kidney	0.87	0.7	0.68	0.97	0.1
39559_82979_A_8_5_kidney	0.52	0	0	0	0.04
41564_160015_A_9_5_kidney	0.96	0	0	0.82	0.04
45577_101774_A_9_5_kidney	0.78	0.79	0	0.78	0.1
47720_118410_A_8_5_kidney	0.98	0.98	0.95	0.96	0.06
71711_155943_A_9_5_kidney	0.76	0	0	0.73	0.01
41401_100305_A_8_5_kidney	0.3	0	0	0.2	0.03
50888_115749_A_7_5_kidney	0.75	0.97	0	0.93	0.07
37377_83024_A_7_5_kidney	0.99	0.99	0	0.95	0.14
45057_99501_A_9_5_kidney	0.98	0.99	0.55	0.98	0.22
36890_77656_A_9_5_kidney	0.85	0.94	0.55	0.86	0.01
52019_119795_A_8_5_kidney	0.92	0.92	0.79	0.92	0.2
38907_84055_A_7_5_kidney	0.8	0.8	0.71	0.8	0.04
50817_118074_A_8_5_kidney	0.73	0.79	0.48	0.78	0.06
45015_118657_A_7_5_kidney	0.99	0.99	0.98	0.99	0.05
44087_114637_A_7_5_kidney	0.74	0	0	0	0
44564_99172_A_9_5_kidney	0.86	0	0	0.78	0.07
44769_103022_A_7_5_kidney	0.99	0.96	0.49	0.96	0.07
61526_147227_A_9_5_kidney	0.96	0.83	0	0.78	0.08
36985_76861_A_9_5_kidney	0.95	0.96	0	0.94	0.08
51345_117779_A_8_5_kidney	0.97	0.97	0.86	0.89	0.13
37497_74170_A_7_5_kidney	0.73	0.8	0	0.97	0.07
51865_119729_A_9_5_kidney	0.88	0.89	0.8	0.9	0.04
35938_77229_A_7_5_kidney	0.95	0.99	0.95	0.98	0.1
43709_97584_A_7_5_kidney	0.92	0.92	0.75	0.91	0.08
36947_82934_A_8_5_kidney	0.69	0	0	0.43	0.03
34780_79927_A_8_5_kidney	0.35	0	0	0.02	0
49830_118215_A_8_5_kidney	0	0	0	0	0
41642_88213_A_7_5_kidney	0.94	0.97	0.36	0.95	0.02
51783_120541_A_9_5_kidney	0.98	0.99	0.96	0.97	0.11
65327_154791_A_8_5_kidney	0.84	0.61	0.09	0.75	0.26
36370_76786_A_7_5_kidney	0.88	0.89	0	0	0.03
68253_152489_A_8_5_kidney	0.96	0.97	0.88	0.95	0.21
48177_109920_A_9_5_kidney	0.75	0.97	0	0.9	0.19
66478_148787_A_8_5_kidney	0.65	0.66	0.03	0.64	0.05
